74
76
82
87
90
96
103
109
114
119
125
130
132
131
131
134
140
148
153
154
164
168
167
172
183
188
182
170
173
180
180
178
171
168
169
173
175
182
189
203
207
214
217
209
200
200
199
197
203
226
229
214
207
210
213
213
214
212
205
218
239
239
215
202
99
103
110
115
120
122
123
124
127
129
131
132
133
134
138
142
146
153
159
165
174
175
175
184
188
184
186
184
183
181
176
171
167
170
178
184
191
201
210
217
212
213
210
195
195
206
210
206
202
214
225
213
202
205
210
213
214
213
213
207
223
232
224
206
123
125
128
131
133
132
131
132
133
133
135
135
134
135
143
151
156
160
163
173
178
178
183
193
194
185
184
184
181
175
175
178
182
186
196
205
212
215
216
208
218
213
202
203
207
208
213
214
211
209
215
220
214
207
206
211
216
215
208
214
208
211
220
219
128
128
128
129
129
130
133
133
134
135
136
137
138
140
145
152
156
159
156
170
180
186
190
194
188
177
175
185
191
195
199
200
200
200
204
208
211
207
200
209
223
219
206
208
210
205
209
213
213
202
200
216
220
211
204
206
212
213
210
217
206
200
202
201
130
130
132
132
132
133
134
136
137
139
140
141
144
144
144
152
159
160
159
168
178
182
179
175
175
179
191
199
201
210
214
208
199
194
195
204
212
214
211
208
215
218
215
210
206
206
208
210
213
205
199
207
220
219
211
206
207
214
219
219
207
190
178
175
132
133
135
137
138
139
140
141
142
144
146
147
147
144
146
159
170
173
168
164
172
176
176
180
191
200
202
200
194
200
210
210
207
205
203
209
218
223
224
206
204
212
220
215
210
214
214
212
214
212
205
205
213
216
215
209
206
211
218
210
199
190
190
194
134
135
137
139
140
142
145
145
145
146
146
147
145
144
149
166
180
180
173
157
166
175
184
189
197
202
201
200
190
190
205
211
208
204
200
200
204
207
208
199
195
198
207
212
210
211
215
212
210
210
207
202
201
204
208
207
203
203
205
201
202
205
207
203
137
136
136
137
140
144
145
147
148
148
147
146
144
145
155
175
195
195
180
161
164
168
175
180
184
186
186
190
186
190
198
197
188
186
186
188
193
195
194
199
196
195
199
200
194
193
200
206
205
212
206
203
200
196
201
208
205
199
199
214
210
200
190
179
138
138
137
138
143
146
147
148
149
149
147
145
146
147
156
179
206
207
182
159
164
171
178
181
184
189
203
207
205
207
213
213
210
208
206
209
213
217
218
212
213
216
217
212
202
194
187
193
209
210
204
204
200
197
207
221
217
205
203
202
194
182
172
167
137
138
139
141
145
148
148
149
149
148
147
145
146
147
149
168
199
199
167
181
189
199
205
203
195
195
205
209
206
201
199
198
199
198
195
196
198
199
197
194
199
205
207
206
207
206
190
182
205
200
207
210
207
205
210
215
207
191
184
173
171
168
166
166
139
140
140
140
143
146
149
148
148
147
147
145
146
148
149
159
180
182
159
195
198
199
196
188
178
172
169
168
165
161
156
149
151
153
151
151
151
151
148
148
152
155
157
164
175
189
203
194
189
206
218
216
206
195
189
186
179
172
170
168
169
168
168
168
144
144
143
142
143
145
147
146
145
145
145
145
146
148
151
156
162
161
151
154
149
143
134
128
123
120
118
111
107
107
106
105
106
105
98
95
98
99
101
98
101
102
103
107
114
135
191
199
173
205
209
197
185
174
171
171
170
169
169
168
169
169
170
169
144
145
144
144
144
144
144
144
143
144
145
146
146
145
149
150
138
124
119
98
93
87
84
82
82
82
80
80
84
78
76
80
85
87
87
89
90
90
89
93
95
96
101
101
101
107
152
186
169
182
179
170
172
171
171
171
172
169
165
168
168
168
169
169
140
141
141
140
141
142
141
140
141
142
145
146
151
146
148
148
120
90
84
84
82
80
82
84
85
85
89
107
120
109
92
90
90
95
112
123
123
110
99
103
102
102
111
120
125
119
131
180
181
160
159
168
173
172
170
169
170
170
168
170
170
169
168
167
133
135
137
140
143
145
144
143
143
145
146
145
149
142
154
140
95
82
95
106
101
93
89
87
89
87
89
103
118
114
99
93
93
98
105
109
109
105
101
103
105
107
111
115
120
120
111
158
188
160
165
172
162
169
168
162
163
162
165
159
156
153
149
147
135
137
139
140
143
144
143
148
149
147
144
143
145
146
147
114
82
87
95
95
92
90
87
89
90
90
90
95
99
95
90
93
95
95
96
98
99
99
99
102
103
106
109
112
117
119
110
127
186
163
175
186
171
152
150
148
144
145
130
128
128
127
126
126
140
141
142
143
145
146
147
148
147
146
145
147
147
153
141
99
78
87
84
85
85
87
87
89
89
89
89
90
92
90
89
92
93
92
92
92
95
98
99
101
101
103
106
110
112
114
109
102
173
173
175
192
171
156
165
162
149
154
153
154
154
153
153
154
137
138
137
138
140
142
144
141
140
141
142
141
138
140
116
85
80
85
82
82
84
85
87
87
87
87
89
92
95
93
92
92
92
92
93
95
95
98
99
101
102
103
106
110
111
111
116
95
141
198
174
174
148
151
159
170
176
164
170
170
167
165
165
164
120
121
121
121
123
125
126
129
136
142
141
138
139
134
98
76
80
84
85
84
85
87
89
89
89
89
90
90
89
89
92
93
90
90
92
95
96
95
96
101
102
106
107
110
112
112
119
95
111
224
204
164
85
74
72
130
199
184
167
167
166
165
164
164
134
136
136
137
139
140
140
142
137
125
120
122
132
141
107
78
84
84
85
85
85
85
87
89
89
89
90
89
85
87
92
92
90
92
92
95
95
96
96
101
103
106
110
112
114
114
114
107
106
185
207
135
64
50
43
87
165
182
165
164
163
161
160
161
137
139
140
142
145
145
145
137
105
72
62
70
98
122
99
80
87
84
85
85
85
84
85
87
89
87
87
90
89
90
93
90
92
95
95
98
98
99
101
106
109
111
112
115
117
117
116
120
106
139
182
99
59
64
70
89
131
162
167
165
164
164
162
162
135
137
139
142
145
145
149
133
83
49
41
53
76
89
76
78
90
84
89
85
85
85
85
89
92
93
90
90
90
92
93
93
93
93
95
95
95
93
92
99
105
109
111
114
116
117
117
119
98
149
206
129
106
124
146
157
162
164
160
162
161
160
160
160
139
141
143
144
145
146
152
139
100
72
60
61
70
76
74
82
92
92
89
82
80
76
76
76
78
78
76
76
76
76
76
76
72
70
70
68
70
72
74
78
89
99
107
110
112
115
117
125
107
146
203
153
144
156
166
165
164
162
159
160
160
159
159
159
142
145
146
147
145
142
145
152
147
141
127
110
82
66
66
68
64
68
72
64
66
68
72
78
82
89
96
99
102
103
107
109
112
115
118
122
127
133
136
140
144
147
151
152
158
160
150
150
163
166
161
128
139
151
159
159
160
164
164
160
160
159
159
159
142
145
146
145
143
142
143
143
143
146
145
127
96
74
80
95
99
103
109
118
125
134
144
151
152
152
151
154
157
162
165
168
167
168
169
170
171
170
168
173
175
175
174
174
176
177
168
176
219
211
169
137
150
160
170
167
165
164
162
161
161
160
160
160
142
144
145
145
145
146
144
141
143
141
139
116
89
95
111
129
151
159
152
153
156
162
166
167
167
168
172
173
174
177
177
178
181
183
184
185
184
182
180
183
189
195
197
196
194
188
182
197
218
215
196
152
144
154
166
168
168
168
165
161
161
160
160
160
147
147
149
151
152
154
151
148
152
146
140
111
99
158
179
156
173
186
182
179
179
181
182
184
187
187
186
186
186
187
187
187
187
186
185
185
185
186
187
186
189
192
193
193
193
193
199
208
207
209
207
153
142
156
167
168
166
165
161
159
159
158
158
158
149
149
150
151
152
153
151
152
152
141
135
99
103
179
202
160
158
188
182
184
182
182
180
182
179
178
180
180
178
178
178
178
178
178
177
177
177
177
178
178
180
183
184
182
186
192
192
188
187
203
192
141
137
156
160
160
166
164
160
161
159
158
156
157
147
147
148
149
149
150
150
150
149
144
145
112
107
157
190
179
156
168
188
174
167
160
160
164
167
164
163
163
164
164
167
167
167
167
167
166
166
165
165
171
170
170
170
170
175
175
167
174
193
220
181
124
128
152
161
160
164
160
158
162
160
158
156
156
147
148
148
148
149
150
150
146
148
150
144
112
96
127
151
163
144
130
156
165
157
152
151
149
145
143
144
143
142
139
137
136
132
129
129
130
129
128
128
118
124
127
130
134
139
145
167
195
224
248
200
118
111
144
165
164
164
160
165
161
160
158
157
157
150
151
151
151
151
150
148
147
151
148
120
80
85
153
174
161
138
110
98
112
110
107
106
101
99
98
93
93
93
92
90
89
89
89
90
90
90
92
93
98
102
95
82
89
114
130
142
137
149
219
200
123
109
139
162
161
161
161
165
159
159
158
157
157
154
153
153
153
152
151
149
146
151
145
107
70
89
151
164
151
141
112
78
68
76
89
95
93
98
106
107
109
112
114
114
114
119
122
120
120
119
119
119
111
112
89
66
76
114
126
109
84
92
151
156
122
126
152
167
164
162
158
158
157
158
158
158
158
155
154
154
153
153
152
149
146
151
146
105
80
89
96
85
106
126
120
93
56
68
90
109
107
101
101
98
99
101
99
96
93
89
85
85
85
85
85
84
84
82
64
59
85
111
114
110
111
111
112
120
116
131
158
171
167
165
159
159
156
157
158
159
159
154
153
153
152
152
150
147
148
153
147
101
80
90
93
96
111
111
112
102
64
53
61
76
84
85
89
92
93
95
95
90
90
110
119
117
116
112
111
110
106
84
56
68
123
152
148
147
137
107
118
175
155
118
137
158
158
158
157
161
156
157
159
160
159
156
158
154
151
147
148
149
153
161
146
98
70
76
93
110
112
109
111
119
102
56
53
84
92
90
95
92
96
109
114
103
95
101
103
90
72
68
68
68
56
46
84
171
196
220
191
126
95
89
117
201
185
122
128
157
159
156
154
156
156
160
161
160
157
157
156
151
147
145
147
151
154
161
148
102
70
72
80
93
93
93
93
101
109
76
50
46
59
74
82
82
82
90
96
93
90
93
98
98
95
96
96
90
66
56
82
144
147
129
87
59
59
56
50
82
115
109
125
153
159
156
156
157
158
161
162
161
158
156
153
149
148
148
151
156
156
158
145
102
72
64
64
66
66
64
64
64
70
70
56
46
56
70
76
78
76
76
76
74
72
76
80
80
80
76
68
56
53
53
53
64
50
56
50
46
39
53
50
103
132
109
120
148
157
156
156
158
157
160
161
159
156
154
151
147
147
149
151
152
147
144
134
98
74
53
43
43
43
46
46
46
50
53
53
46
46
59
76
98
103
105
105
106
109
109
109
110
110
98
74
56
43
50
53
53
46
50
46
50
43
56
61
138
160
115
122
144
154
156
156
158
159
161
161
159
157
149
142
139
139
139
138
135
128
124
122
95
74
59
50
43
46
46
46
43
46
43
43
46
43
50
59
66
76
78
76
78
78
76
68
59
59
59
56
56
53
43
34
43
53
59
46
53
53
43
56
76
103
114
124
139
149
149
151
153
153
154
154
152
151
128
124
123
125
125
124
122
118
116
115
92
68
64
61
56
56
56
53
53
43
39
43
43
43
46
50
61
74
74
68
68
70
74
76
84
85
70
50
43
43
43
46
46
50
50
50
56
53
50
78
78
116
131
125
132
140
140
139
144
145
146
145
144
141
116
115
117
120
122
123
122
119
118
116
90
64
56
53
53
56
56
59
59
50
46
39
34
39
46
53
70
85
89
84
85
87
85
85
87
84
68
50
43
43
39
39
39
43
43
50
50
50
50
56
72
115
130
126
128
134
137
137
140
145
146
146
146
144
118
119
122
123
124
124
120
118
119
115
92
64
56
53
50
50
50
46
46
43
43
43
43
43
43
50
61
72
78
74
72
72
70
70
68
64
56
46
43
43
43
39
43
43
43
43
43
43
46
50
64
96
116
128
130
132
140
140
140
140
142
144
146
145
118
119
120
122
122
123
122
118
119
115
92
64
53
50
46
46
46
46
43
43
43
43
43
43
43
43
46
50
53
53
46
46
46
46
46
43
43
43
43
43
43
43
39
39
43
43
43
43
43
43
50
66
90
123
138
133
136
139
142
139
144
144
141
142
118
119
119
119
119
119
118
114
112
110
89
59
46
46
43
43
43
43
39
43
43
43
43
43
43
43
43
39
39
43
43
39
43
43
39
39
39
43
43
43
43
43
39
39
46
53
64
66
56
43
43
43
61
109
141
134
135
140
142
139
144
141
137
139
118
119
118
118
118
116
112
109
106
105
87
53
43
43
39
39
43
39
39
39
39
43
43
43
39
43
39
39
39
39
43
39
39
39
39
39
39
39
39
39
43
43
39
39
50
64
85
90
72
50
43
39
46
93
136
135
136
140
142
140
144
139
134
141
119
119
118
117
116
114
112
109
105
106
92
59
43
43
39
39
43
39
39
39
39
39
43
39
39
39
39
39
39
43
43
43
39
39
39
39
39
39
39
34
39
39
39
43
46
53
61
66
56
43
43
46
59
101
133
136
140
141
142
141
144
138
135
146
120
120
119
116
115
112
110
107
103
106
92
59
43
43
39
39
43
39
39
39
39
39
43
39
39
39
39
39
39
39
39
39
39
34
34
34
39
39
39
39
39
39
39
43
43
43
43
43
43
50
61
72
90
115
132
137
142
140
142
142
144
136
136
151
120
120
119
116
112
110
109
107
105
103
90
64
43
39
39
39
43
39
39
39
39
39
39
39
39
39
39
39
39
39
39
39
34
34
39
39
39
39
39
39
39
39
39
43
43
46
50
56
66
78
93
103
116
126
135
139
142
141
141
144
139
139
146
152
120
119
117
115
111
109
107
105
102
99
87
66
46
43
43
43
43
39
39
39
39
39
39
39
39
39
39
39
39
39
43
43
39
39
43
43
43
39
43
46
43
39
39
43
53
64
74
84
93
103
112
119
125
130
138
141
142
142
144
146
141
145
153
155
118
116
114
111
110
109
107
103
99
95
85
70
53
46
46
46
46
43
39
43
43
43
43
43
43
40
39
39
39
39
43
42
44
45
46
43
43
43
46
46
50
50
56
66
80
90
96
103
109
115
120
126
132
137
142
144
144
145
147
148
146
151
157
158
116
114
112
110
109
109
109
103
96
93
89
76
64
56
53
50
50
46
43
46
46
46
46
46
46
46
43
46
46
43
46
46
48
50
50
50
53
59
61
66
74
84
90
95
99
101
103
109
114
120
125
130
138
142
146
146
146
147
151
146
148
152
158
158
116
114
114
111
110
109
106
101
95
92
89
78
68
64
59
56
53
50
50
50
50
50
50
50
50
50
50
50
50
50
53
53
56
60
66
70
76
84
90
99
103
109
111
110
109
111
114
117
120
124
128
132
139
144
146
146
145
145
146
146
151
153
156
156
118
117
116
114
112
110
106
103
96
95
92
84
76
72
66
64
61
61
59
59
59
59
59
59
59
59
58
59
61
65
68
71
78
84
90
97
102
109
112
109
111
112
112
114
116
119
120
122
124
124
126
128
133
137
142
142
140
138
137
148
153
153
149
147
119
120
119
117
114
112
110
109
103
99
98
92
87
84
76
72
72
70
70
68
68
68
68
68
68
72
74
79
83
89
95
99
104
109
113
115
115
115
116
116
118
119
119
116
116
118
121
123
125
125
126
129
129
132
137
137
135
131
129
147
151
148
139
136
119
119
119
117
114
112
112
107
107
107
103
99
96
95
92
92
90
90
87
85
87
89
92
93
95
101
109
109
110
109
109
108
112
109
111
121
124
119
118
118
122
123
118
115
119
123
126
123
121
120
123
126
130
129
133
139
134
128
130
141
138
134
129
125
122
122
120
118
115
114
117
114
112
114
112
111
105
103
107
110
110
109
105
105
105
105
107
107
109
107
109
109
109
110
110
109
110
110
115
123
124
120
120
124
124
124
122
120
119
120
123
125
127
128
128
128
130
130
128
124
122
125
131
133
131
129
126
124
125
126
126
124
123
123
125
124
123
123
122
119
120
120
120
119
117
115
114
109
109
109
109
107
107
107
107
107
109
109
109
110
112
116
125
130
129
127
130
132
127
124
125
125
120
120
125
128
129
128
125
120
118
116
109
102
109
122
128
127
126
124
122
122
128
128
128
127
125
124
125
126
126
123
119
116
114
114
117
117
115
115
117
109
107
107
109
107
107
109
110
110
110
111
114
114
117
125
134
135
133
135
138
139
130
123
123
126
124
123
125
124
122
117
114
109
106
102
96
96
115
128
127
127
125
124
122
122
125
122
119
117
114
112
114
116
116
112
110
110
111
116
126
128
123
118
116
112
114
114
114
115
115
116
116
115
115
116
118
119
123
131
138
135
134
139
142
137
127
119
118
120
122
119
115
112
109
105
103
103
102
99
98
107
124
130
124
127
125
123
120
120
112
110
107
106
106
106
110
110
110
111
118
127
139
146
146
138
127
119
117
116
116
116
117
117
117
117
117
116
114
114
116
118
129
138
139
135
136
144
144
124
118
114
114
114
112
107
103
102
99
99
98
98
96
95
105
118
124
124
124
125
123
122
119
119
102
102
103
106
107
110
114
110
111
122
137
150
158
155
141
127
119
118
120
118
118
117
117
117
116
116
115
114
112
111
114
117
134
141
138
137
142
146
144
117
115
112
111
107
106
103
101
101
101
99
98
98
98
99
112
124
125
124
128
123
122
119
119
119
113
115
120
124
124
121
116
113
121
143
159
164
159
147
131
123
120
124
124
125
125
124
124
124
124
123
120
118
120
119
119
127
141
140
136
142
148
144
135
119
116
112
107
105
103
103
103
106
106
105
103
103
103
109
119
124
125
124
123
122
120
119
118
118
150
153
157
158
155
144
130
138
149
163
168
166
154
145
138
135
135
136
135
139
139
138
137
137
136
136
133
130
132
131
133
140
144
140
141
148
151
142
130
118
116
114
110
107
107
107
109
111
110
107
106
107
107
111
119
124
124
123
123
120
119
119
117
117
158
161
163
162
160
155
152
161
169
170
164
158
151
149
147
146
146
145
144
144
144
143
142
141
141
141
140
138
137
136
140
145
145
142
144
148
145
134
122
117
116
114
112
111
111
111
112
114
112
109
107
109
110
114
120
124
123
123
123
119
119
118
116
116
